MSE: 94099.35 RMSE:306.75616
MaxError: 1805.3325 R2:0.6752808316054923 Error95:642.5254699707028
hsup: 0.12232192903757086 hinf:-0.39305309355258944
hmaxerr5: 15.366619873046877
hmaxerr50: 169.61285400390625
hmaxerr95: 642.5254699707028