MSE: 132809.97 RMSE:364.43103
MaxError: 1745.3745 R2:0.5416978256123205 Error95:760.3649291992186
hsup: 0.07394223250448696 hinf:-0.4230945408344269
hmaxerr5: 20.021087646484375
hmaxerr50: 216.67926025390625
hmaxerr95: 760.3649291992186