MSE: 119013.586 RMSE:344.98346
MaxError: 2096.142 R2:0.5893065353342309 Error95:705.1452392578124
hsup: 0.11057512052357196 hinf:-0.4220889642834663
hmaxerr5: 17.67677001953125
hmaxerr50: 194.40997314453125
hmaxerr95: 705.1452392578124