Model       MAPE         MAE        RMSE
0   TFT  13.945423  285.061035  333.228027

MSE: 106746.695 RMSE:326.72113
MaxError: 2243.1484 R2:0.6316372688081511 Error95:688.3079345703125
hsup: 0.1009891685098404 hinf:-0.3748609319329262
hmaxerr5: 16.674835205078125
hmaxerr50: 177.241455078125
hmaxerr95: 688.3079345703125