 Model      MAPE        MAE        RMSE
0   TFT  9.683595  203.85083  248.690735

MSE: 159581.61 RMSE:399.47668
MaxError: 2000.6487 R2:0.4493139452103734 Error95:808.2069396972655
hsup: 0.05194844398647476 hinf:-0.43713881373405455
hmaxerr5: 20.714062500000004
hmaxerr50: 240.46636962890625
hmaxerr95: 808.2069396972655